0.009766
0.014160
0.002441
0.005615
0.011963
0.008789
0.004639
0.000244
0.007324
0.011963
0.014404
0.008545
0.009766
0.003906
0.002686
0.007324
0.006348
0.005615
0.009766
0.004883
0.000244
0.005127
0.003662
0.004395
0.009521
0.006836
0.001465
0.004883
0.006592
0.003174
0.001465
0.001221
0.018066
0.008789
0.012939
0.004395
0.027832
0.010498
0.003174
0.006104
0.001221
0.013916
0.005859
0.010498
0.004150
0.008789
0.000488
0.012207
0.013184
0.015381
0.007812
0.011963
0.014160
0.010010
0.008789
0.006592
0.000000
0.010498
0.007568
0.004883
0.002197
0.000488
0.005371
0.005127
0.009277
0.000488
0.001953
0.000977
0.003906
0.000977
0.007324
0.002441
0.009521
0.001953
0.003906
0.001221
0.000488
0.003174
0.005127
0.006348
0.004395
0.006104
0.018799
0.008545
0.009766
0.000488
0.004639
0.002930
0.010742
0.001465
0.002197
0.006836
0.001465
0.006104
0.010010
0.000732
0.000977
0.004883
0.013428
0.002197
0.011963
0.000732
0.000488
0.003418
0.003418
0.000000
0.004639
0.003174
0.006104
0.001709
0.001953
0.001465
0.015137
0.014893
0.001221
0.008301
0.024170
0.014648
0.007812
0.008057
0.001221
0.005127
0.008301
0.006836
0.010254
0.008789
0.003174
0.007080
0.007812
0.001953
0.001709
0.010010
0.009521
0.001221
0.003418
0.009277
0.001709
0.006104
0.004150
0.004639
0.002197
0.002686
0.000244
0.004150
0.030273
0.028076
0.003662
0.019775
0.036133
0.020020
0.009521
0.011719
0.005127
0.021484
0.016602
0.022949
0.005615
0.000732
0.017090
0.000732
0.019043
0.022949
0.007812
0.011719
0.025879
0.021973
0.014648
0.010742
0.010498
0.012695
0.020264
0.013672
0.001709
0.008301
0.011475
0.009277
0.002930
0.006104
0.012939
0.002441
0.007568
0.002930
0.002441
0.000732
0.000244
0.002441
0.002441
0.007568
0.008301
0.003174
0.010498
0.013184
0.011719
0.007812
0.009033
0.014160
0.002441
0.007568
0.005127
0.001221
0.014404
0.005127
0.006104
0.001465
0.006836
0.011475
0.001465
0.018066
0.027832
0.024658
0.003906
0.023438
0.031006
0.011475
0.007080
0.010254
0.003662
0.015381
0.016602
0.019775
0.003174
0.000000
0.023438
0.004395
0.022949
0.028809
0.015137
0.015869
0.013916
0.013184
0.006104
0.000244
0.005615
0.011719
0.010010
0.007568
0.002930
0.000488
0.012695
0.004639
0.000488
0.002686
0.013184
0.006104
0.012695
0.005615
0.000000
0.002197
0.009033
0.003662
0.002441
0.010742
0.010742
0.002441
0.004150
0.009521
